10000
27996
37431
66647
3904
72404
23412
70693
16976
7534
91370
67463
13813
39573
86138
5486
24127
403
92
95499
7048
29830
38466
62900
31169
9867
43009
14715
32389
96276
20769
48199
99890
41839
72043
75871
54098
97252
66259
51502
48026
161
99280
26832
89859
6208
94535
58027
79644
45618
19068
99999
18593
33674
13646
24079
86862
76764
589
19174
48793
18136
941
16880
39392
26463
58141
23676
47694
95717
21607
2430
9566
11050
27622
13219
87639
64221
20073
59802
51587
44773
88773
18618
52852
22547
75886
94830
47778
63934
40162
75408
62912
70420
52130
96537
3178
23064
41124
85123
53882
7209
43693
512
93299
79972
11564
27725
9817
31389
87756
76732
16408
98879
31754
82304
18651
52008
7331
96037
86700
4378
44445
49648
50354
89517
66835
90453
30901
20012
67062
8863
10119
70614
58934
26953
61650
55510
29756
17170
41332
11326
45625
67937
24113
60821
72667
22655
16612
54101
66678
11489
65788
69985
8414
6135
17545
14207
23371
59742
51792
38474
85860
61493
46507
35332
35973
89532
6948
82945
29755
18898
37021
5812
23930
81842
5343
6297
93968
97322
95468
11867
89461
11076
69157
66832
60726
18110
64213
19558
59795
27299
32997
81406
65945
16170
44747
71877
43451
32656
73434
38779
76441
73895
51910
91396
81218
97242
83699
77967
17320
18038
89
92336
99261
33558
1485
89665
92392
91617
66808
26407
63560
59378
79339
37360
46663
31938
78579
48203
44861
16975
99471
51197
79390
64644
15729
21799
78283
84411
32135
3213
20111
25082
75592
56505
50258
9898
68694
58689
41790
24342
28733
28089
71621
70982
48074
96463
86416
62083
25790
52753
50025
83695
18698
32435
20612
46597
33114
69397
70454
43331
24733
57138
42489
27494
23182
13439
77078
14157
65067
69334
52717
35575
2736
6713
38122
68880
69908
5596
48069
62153
39258
62479
32222
18934
59646
34225
57961
64482
95004
11468
77383
82019
80778
23241
3281
97413
13013
11284
27365
67549
92448
9509
59063
46270
5666
77690
13946
84079
77262
70887
47549
53614
92172
50414
1428
71877
37066
97531
98671
58959
64878
74984
50592
43099
77524
12619
1407
46879
34994
13153
84943
5234
70124
97387
91895
9781
37371
23208
32382
1592
19585
8558
31708
25215
43856
47781
61205
97651
94744
14484
48390
55476
74067
6921
48426
75826
1020
55005
46639
47263
76070
65100
55174
6920
42657
891
89481
66944
14041
49235
10460
4306
68067
64294
14532
18987
24946
12601
14418
39825
73482
23593
63890
89920
53634
8006
68611
14222
38425
19370
18853
10225
55558
81883
61035
15264
59386
12829
42585
4854
29490
10288
35097
56836
82782
76855
95492
35433
76524
64246
48553
8595
24917
67218
82239
10805
39538
73296
26344
76828
1415
94409
11203
87870
61059
72675
21811
59496
8726
34143
34300
46401
63462
70888
31465
14774
9658
91840
35240
85188
90508
23700
73296
49321
63225
73677
83158
9161
99335
13092
15287
98404
34466
17004
37053
10414
77830
69732
18145
34881
92144
27218
86259
14132
91442
33596
73446
73419
46213
16231
69027
25566
81931
90278
86901
86091
34604
90867
5656
58498
40328
52835
6177
70551
77355
12955
14664
20654
77173
13893
14818
98425
86666
60616
52079
78163
31748
41097
26088
74898
16166
68228
90080
20328
99376
69919
3397
71495
8606
11865
58618
42966
8667
12045
7605
81138
88467
66470
59269
82060
28796
32571
19996
37495
46586
2199
30305
93980
59596
22036
27027
52518
8974
26068
42487
19989
9797
54207
1212
18219
91330
23097
35831
67861
35370
57878
6102
70265
22814
28378
23979
57026
37991
29385
54274
3804
41906
50142
34500
83450
19999
75423
71920
79657
77922
17923
45812
70158
6307
71163
93397
5867
35630
15937
46177
84292
23531
90385
98901
7858
24846
66016
11826
34554
13712
81134
77976
67063
58838
52941
97333
81107
14927
21105
25282
28583
90655
50577
60216
64086
11479
61159
91400
46214
56888
29624
79730
52645
23273
8007
90098
96152
49144
94667
83929
81879
71931
55220
37637
14753
23778
57394
6121
37487
29445
22841
33389
59351
88095
18965
26812
43624
30322
24313
64079
14740
31285
74658
65163
90557
68045
75385
11982
96830
75472
56703
36871
54415
3738
95847
51920
48443
15677
76738
39353
99855
4227
74359
87759
90171
65541
83668
72129
52440
19900
61678
5639
79618
53373
66832
12321
60169
90260
48313
55483
75640
5130
43048
29731
38953
86261
42196
79839
44274
21550
82217
48906
52508
38214
35530
65718
76011
88797
81721
280
59741
76635
78320
49556
40168
24936
23679
58393
61734
53281
86862
13426
56247
58050
86618
79666
44083
9789
42073
45069
3136
17890
66800
41780
96621
49635
73090
26797
14988
71064
47901
64167
48572
98597
74095
70736
36590
94166
5680
35222
82354
10496
30164
57061
234
33534
68794
84361
11344
60105
30853
7253
50245
51793
9197
2536
45636
5545
67439
42658
21797
22951
58082
97263
80494
51974
72567
79664
26576
12441
33442
88401
2241
39932
68198
13007
87920
24659
15344
75412
46470
42496
23136
59772
36362
50497
33922
52089
82214
74327
72304
20598
8278
12474
19913
77829
71418
13774
11402
35673
77725
32003
29445
17326
61046
95149
62546
31805
52658
13153
64599
59818
56923
45899
92110
4589
39769
37328
16036
23063
34712
37840
49654
71540
2780
45886
52948
33325
9189
29928
65423
43062
57162
63153
75720
32421
67437
18754
19495
8963
66026
53279
24518
5604
21308
61238
47483
64796
55810
58855
94820
52887
29354
94805
46677
45626
91125
52992
97899
45076
97281
61683
53858
66655
48901
48456
40449
93125
6776
80356
24818
27410
67762
75549
3376
48329
9932
41768
2165
1433
27905
60055
15508
27642
26702
85228
48941
6796
76670
87817
82808
4550
34425
78377
32995
68852
30914
91780
28579
36128
94632
61904
42103
27757
32358
41837
30501
93810
90502
71986
43743
12678
80589
15525
9154
321
96482
10664
93616
11120
55880
24765
73105
27961
89524
65468
38622
67712
27863
42511
92533
23918
41748
25437
6377
7096
73621
55559
72173
81876
43409
8450
54488
16259
88686
92540
78572
14093
83227
42442
82048
17094
63219
6126
67352
65043
38860
6480
55124
83893
76704
4096
98655
46276
88011
76811
49091
40477
58244
16391
40851
31981
42838
43004
90939
25274
5981
99852
87051
20727
39130
30488
31598
9794
15605
89534
79818
58829
31167
215
63168
34256
25266
76967
30803
82659
89893
5149
35113
70589
11441
88325
32410
9597
24312
40079
47490
50709
96779
72327
96298
9401
97265
10694
31383
56721
86843
87735
76462
34447
55636
87499
30000
56130
39066
67810
27745
72440
4395
48630
31041
41995
24197
89016
40097
87364
33375
73801
83625
97964
33005
21693
88732
85190
72685
6365
83159
9915
73341
85569
79331
46502
29968
30052
80423
80314
72505
14384
46061
82192
91876
95220
26743
80331
36075
4277
48512
25258
92701
15839
18265
73816
53811
38855
3544
74353
60508
71730
21954
80135
30838
4842
94904
85061
74000
60408
98670
56023
19934
25242
80938
72166
89520
26551
69505
8036
91048
46295
79726
41138
23981
24551
60243
49280
97988
68336
78280
5187
42370
31956
5228
92728
86450
69560
56806
98096
90666
62337
77580
32624
55754
45520
8425
32231
46870
82950
96813
79211
18016
55536
59918
68859
15730
54189
29945
7017
65789
2187
31904
89279
55966
19996
75808
86143
90306
11975
93575
77739
26309
46182
96307
51608
88826
62758
58584
85514
96504
37959
58770
7629
45084
80900
15442
88772
53710
7276
8657
46430
89051
99477
31291
66021
56743
59526
57877
66103
62670
45881
75221
87663
10525
49623
36768
57501
20527
17163
93556
58933
60425
38809
60669
79739
26923
12838
8284
34880
79851
97719
36519
34891
3846
33152
38791
9619
47990
49033
20330
8586
20739
44066
65197
21180
58843
92832
29579
38459
87344
17583
46673
21476
80184
36527
1145
48206
23766
45834
76024
24676
38345
86437
47167
56836
40373
15246
3941
14588
72657
5826
40793
14205
61331
46896
8728
57454
9322
42894
38220
55604
27129
7447
64746
49205
25463
29192
83044
69536
99245
40788
16457
29007
17493
69408
80986
51030
60563
63963
83717
94675
16376
67813
97321
3562
95256
68123
92520
5250
10783
19247
17654
87066
73571
30619
16785
25392
2404
66861
88536
88890
70681
73853
13837
31002
62452
33250
48995
44467
52158
40027
93351
35143
54624
38577
20595
77466
81961
47988
69296
7300
47721
35012
32555
94551
53368
90756
59549
45350
23455
2589
63282
9504
35856
26777
55325
62935
16308
7014
18997
77125
52275
42839
15305
84820
56050
50804
69382
22090
93228
96320
44182
48608
98157
28763
94424
2472
13216
51085
70931
66074
19057
574
36407
2159
53056
81252
14460
87527
12388
15815
46591
22477
76831
85254
23436
83344
80831
34576
56841
27449
58758
94407
39291
71107
91962
26940
37586
38822
33045
7493
72552
31296
85987
45303
83409
71081
56727
57273
6096
37133
29519
71959
23572
91480
93510
50950
32968
35607
51852
12333
86211
45706
1113
8223
15730
17492
86158
12103
53611
41193
12489
26300
74217
17776
165
26170
20889
75792
58905
74034
71241
58382
48361
52601
97366
69703
12561
50621
72025
81651
54460
93317
98081
84156
81481
86136
90569
91297
84665
1833
24007
61448
14597
28719
85359
58509
78428
95594
70318
361
78299
28411
18390
7778
19473
82753
94879
40216
65998
25738
13269
98335
69129
2217
4020
70513
26004
52657
53999
35276
74949
31600
91247
32523
28620
85908
13120
11596
51444
68509
98942
28327
44912
26720
49941
75348
6765
43545
37580
86242
31196
15367
56369
4886
3403
53856
41069
47075
98696
11609
28966
29926
38875
16973
3682
14956
7419
66336
87549
26883
71497
55236
86825
49455
5972
38763
53113
33355
78969
47493
59249
19149
19500
47207
86877
98191
50857
81371
14451
96384
75847
45411
53674
88249
81657
12801
30712
30188
78887
45380
81935
23295
26377
93315
67519
67378
20102
58701
87241
2365
73444
54830
43597
63709
5021
5250
96358
81974
45558
60496
60428
90554
55410
92642
27855
57426
54240
23353
85096
59259
22207
98476
6414
55099
90185
30416
37331
38304
67442
98340
2685
53397
29123
30369
21185
38841
58459
26432
52122
72003
68153
43876
44430
27443
15138
26271
95639
83894
79363
88194
71658
25655
32590
49305
58874
25734
78239
53944
51802
5201
47275
39802
4221
9502
67781
46346
84129
50430
38850
51661
73158
71032
28858
30661
21201
22243
83488
39341
45252
73833
86634
99738
87760
53443
91519
49222
27689
24871
94854
7502
30031
2983
9683
95250
59372
62621
97283
29542
17670
65796
87615
74751
13120
95516
23433
8457
7803
53680
13669
65741
41277
74348
42231
85634
61156
78130
46751
39261
47111
35842
43986
81396
85636
38772
57087
86002
89164
72197
97879
47103
62049
14218
68726
16761
1257
35081
6417
33323
22398
69680
4813
87776
66399
47737
20023
52043
91627
64532
67263
38034
92524
35862
45038
84478
19710
25655
74109
31666
33754
1896
85384
61923
408
60785
44515
84776
4138
73991
41978
69410
21805
45376
36225
18111
27277
9889
30744
66869
17496
6032
61154
53653
75332
97561
81471
82481
4447
61477
54680
27142
88448
57309
15859
33815
20865
29873
94015
34351
90376
37601
9466
70634
52527
61623
19906
43381
1453
53950
75894
38796
74368
62411
68952
38997
64964
23438
51962
83795
62466
63722
15118
41295
30082
71147
46542
22380
41060
37451
35762
61532
34775
22921
14727
72625
15437
5395
97761
68730
75218
49400
90943
77396
80420
72498
92167
5308
2958
5407
73478
75489
52644
45611
25523
59453
74383
7900
6986
89582
64047
14694
37919
3132
44950
24267
46759
50271
15908
23709
30975
93665
6010
4770
38966
88099
48649
57521
14878
29306
97718
31585
32980
44896
69346
75988
90651
64887
87614
74682
9893
15406
18816
76928
51314
27266
63791
60553
56040
6057
72981
5318
60898
55283
90913
59862
56605
56571
10934
55060
70420
99334
69952
8592
12721
93680
16634
786
6984
9322
52312
52278
62220
92510
21739
95791
81605
35054
9877
70029
80701
27636
61044
11314
93042
45398
57451
94963
53205
51323
47001
99896
52449
46832
45935
48476
2398
78158
72067
94118
59980
33904
33830
23730
60349
98451
91839
48337
25021
28605
59601
7229
35050
3346
93051
41544
43074
92122
53881
60963
35018
96731
25245
92584
12869
38438
21081
50352
87743
33421
16511
1073
1178
15449
77410
4503
22001
26474
35990
76648
78222
30292
14430
87266
36491
51029
63931
68107
63330
28290
48277
69143
99586
46274
68718
48629
80935
42724
93203
90327
16775
70981
37733
35014
7481
44451
82018
84681
12272
15039
76568
8257
11580
20391
81517
86581
81311
77408
44422
78516
63241
51684
7858
30719
85242
81822
43282
19602
80375
14070
69467
49923
93955
49100
40676
80465
99859
48548
99551
62505
96776
57375
88320
72329
24666
85412
50785
60598
63997
90397
62241
72017
81898
13421
19046
54861
39867
79580
19968
80746
99184
30525
97470
79675
80340
1297
99171
84758
85605
65486
21562
3310
7177
8825
17876
72694
14053
20376
56572
42905
13983
80614
94015
36214
9399
71129
76033
81289
28745
87330
10265
3322
72268
14060
92834
47521
79870
26739
36214
74026
87345
43777
36708
91624
12637
77639
97589
8050
60476
40676
40997
48340
46658
68836
59200
40724
55919
97661
41373
84695
21957
45046
37562
54239
92017
33902
47951
17333
77298
62557
94952
74805
94846
65976
96791
86184
2458
52694
63854
78829
22816
98924
89670
80114
18302
3911
13099
78104
41012
51028
55483
63274
54327
70425
69460
15309
95765
61669
54299
97835
30595
99369
3677
97903
42131
1455
8874
1281
25360
30296
1552
32676
64
8288
56101
10463
22437
68366
56650
72459
31929
14619
82062
49132
71053
53633
14803
24498
27075
22126
12689
96713
91118
15869
72169
10160
29046
58379
78166
47092
7684
44083
77306
37917
11757
20997
16634
92342
78027
86053
92201
28788
81158
2185
26474
21050
79945
47411
18249
55129
24984
31797
63497
69274
50347
21697
75145
47136
68310
18379
46659
75533
30319
80854
33060
73015
74439
75894
29998
71032
53786
23429
81425
89215
64754
58972
2312
65169
23324
27870
98697
54795
24578
70365
12204
65389
22188
18519
10300
34468
65143
82001
390
75293
53973
91809
77114
59204
96506
55659
27464
9970
47793
81363
42074
13444
86314
78874
13696
26508
75473
78317
77402
65298
88129
17698
15390
61581
46129
79088
10740
73723
82801
4636
84734
26789
80736
99509
7013
84067
15004
95643
50741
97194
4373
37722
84975
69648
11968
49401
892
80236
62079
76674
39470
94096
22270
16956
19980
5780
25097
8496
14663
67577
21228
5867
46791
8081
95183
42251
71980
60909
26578
19022
15785
90447
72802
55334
72009
30054
56757
97699
48776
75803
55528
49216
76533
7496
50414
42493
48026
92529
90712
28774
95908
94843
76884
91966
42038
20627
13654
52096
10813
37751
37713
49549
62307
70668
36200
3570
48594
19854
59210
66878
40618
70105
2939
29410
7155
48812
86151
82165
47901
93944
90329
21243
223
11968
27552
83336
55654
27203
84964
83147
92763
82712
50906
20847
60076
57833
13186
92493
64916
71030
65756
45366
40356
24297
43495
38811
99217
54120
88043
49981
95840
85085
33651
19811
91599
32238
51630
67547
20301
13978
29258
89373
36047
7568
41167
18423
62463
20009
74259
31922
1746
81261
9386
17484
1388
44230
76319
72515
96271
93302
158
33191
64502
50268
55257
29180
81583
59134
97659
74368
48694
31378
37613
25571
62106
84918
26432
92460
86304
80604
28862
72138
24605
71088
15857
65794
1332
39916
2199
90598
98551
92887
29090
59755
65553
81315
80852
81569
88228
57906
67819
69629
14238
41317
53013
85434
53907
98003
90306
43719
58692
72059
14340
42030
86583
86737
56780
5
53334
19799
35945
19563
71941
95472
19360
5426
35666
33766
1105
37970
53973
70841
23128
60254
57738
36934
1864
9547
46114
5257
17840
81536
89911
20279
55335
39091
83578
39690
14274
52950
70029
19334
13493
43025
31766
48980
4031
17265
42358
1992
29565
25214
72860
68107
20787
99407
14856
73754
36239
92026
40640
5390
7191
46124
57136
35042
54873
31013
86374
54627
32342
30790
56879
43973
79250
19065
97810
86916
69782
95927
80427
30650
25101
62119
79747
63846
42310
20153
96638
73979
91543
97092
73606
1549
640
50372
58733
47195
43004
90011
20099
10070
57470
83076
34624
21700
39352
35656
51106
12090
73203
57928
12337
12289
3021
45482
78407
83104
50942
24279
57187
21041
42314
40212
37692
8568
53232
73645
30874
77673
76393
69818
38919
6891
5260
33677
25588
73053
86753
38250
80812
50581
72077
5051
96644
60073
56001
75704
35225
16645
46811
61490
99292
36036
39821
36697
71355
22612
91456
69987
40350
45966
35063
78859
38410
8165
65386
71659
72605
66831
68720
60675
57847
33778
75356
60195
65748
81102
66258
18342
65415
1055
8924
79121
13299
54152
87546
20814
27025
27275
73377
13913
26877
86196
56380
10157
63323
91198
54525
53474
24290
25080
38899
29166
79830
34823
6134
87060
79999
33971
71768
4433
68961
59263
79117
76048
51217
63577
20750
63323
60547
61129
83476
46124
91150
76427
15532
91973
148
55130
87140
33419
44645
40521
86837
2257
57584
66068
46453
66903
41307
89623
99557
33966
80952
20253
93387
31216
31509
43675
48280
22820
22196
74839
26855
42294
68291
82574
81249
37876
49045
76538
59306
53906
13044
2493
77105
37711
41729
85864
20843
2705
96453
5326
79921
15813
93657
82076
72992
2626
90506
36589
66748
78484
69157
10218
27252
14276
74364
15931
25457
30717
94491
82792
37751
36112
27071
20976
40780
63535
41208
90980
9415
4587
35540
68349
6620
92756
6471
73903
30672
25814
45514
43599
35240
54972
24822
819
57093
41849
88664
8681
66709
56264
87786
92946
69077
72586
26804
93327
36867
81345
90150
12074
59138
78665
82509
55080
80601
3781
21596
54323
8593
28843
5512
39726
48068
38126
46869
17734
82128
34721
35691
63721
99169
67990
10943
79494
59002
7823
13401
55200
15364
16886
38629
73984
78549
53726
15448
52228
152
47120
27335
48067
98431
26888
83643
14418
22221
3820
30827
21647
50336
39206
48781
84235
46493
48150
86038
58920
59969
34752
30995
81196
55318
3405
69835
38986
67914
83536
7775
91209
42042
48849
41324
45457
74916
65573
95421
10608
3835
1802
71989
86028
85939
19878
2308
53624
14458
65174
71143
84317
54113
18464
54225
42748
92934
65334
50422
62925
21367
25737
80159
78774
63504
81481
27794
76016
45968
55834
52413
51844
77781
8537
49734
70282
13059
63258
84122
80366
44972
25291
19079
65991
7854
7758
5351
3302
72548
42962
64254
32734
72380
39792
22969
62628
99668
64493
21150
2214
37673
85771
49294
2104
74093
61153
74586
63161
42497
99201
8635
46114
40145
3502
24161
72564
20676
78413
93841
67979
10860
60659
66609
46029
73895
24546
10488
59754
6472
66048
98555
44651
56646
10254
87490
47166
19593
67218
93427
13364
54647
26427
72255
46472
59222
90376
95119
33801
60158
43277
51039
33198
39981
75665
60801
41584
69605
26884
92557
56093
42296
81280
52677
69083
46352
50033
62203
19561
96403
65134
84588
42840
67016
88064
32486
30450
11236
65947
75589
61097
19154
73123
97681
30155
79950
80678
71460
89252
22644
52745
55064
34646
37022
73991
39661
60528
68860
95828
32175
70863
82929
65846
14937
66372
16925
9285
28921
89021
92438
76266
13673
67076
14180
93040
72993
63223
77072
27051
89581
28135
88129
6071
87273
11597
63613
44499
88073
5467
99875
94737
59684
55295
8869
7890
40963
62724
85045
60382
69693
62880
46690
10632
15847
60080
12387
10623
38621
42761
13423
24253
6789
36741
82579
1231
59778
72993
73422
21238
23304
14191
33661
87777
38123
74653
35329
72213
73207
34543
37110
16329
52456
7309
59732
1068
16881
26306
85789
475
90302
39905
30177
76926
50583
20505
71683
26633
50077
53256
9273
73764
27944
268
5334
13688
72893
61267
16601
69836
70318
35984
88799
5917
27729
18657
45268
37022
22696
87368
89565
74483
78089
33352
25099
53537
36974
31324
26267
11177
20957
22667
24058
69038
2915
39774
62986
5952
53826
82524
99018
57578
88229
21101
5608
61180
60669
67239
99855
47378
87461
90537
42462
21386
18241
37584
18817
8945
82801
92216
91015
91214
22733
64598
6060
4332
84231
18086
21115
25450
36922
18238
26012
61211
94475
90407
17383
96384
60868
70093
44453
64776
15806
41716
67708
4148
82995
39512
19472
10117
5121
96384
56781
72710
83015
27478
96490
55869
97953
73729
63957
80069
30967
87512
63916
52907
90314
37798
76759
30867
85902
5843
38212
68317
77717
90827
65374
49092
57819
2027
98609
30049
4254
69429
61309
29426
7515
51339
94222
85894
95649
96643
77092
93965
14122
57294
28304
93039
67301
92830
23183
48119
3492
74572
22752
19762
30997
73125
86239
66450
76818
70023
14566
34943
91030
39185
45186
63859
91829
18800
77496
61324
64139
32789
71914
4732
61236
31153
46651
89170
11949
5067
38993
69791
76721
61566
93612
26219
76376
514
49239
97882
48473
54044
25586
29517
45573
53204
28816
98415
107
86037
81689
40053
47113
20120
20543
74083
61297
24213
2969
17698
68890
21094
89029
53523
41690
47991
59828
64276
57905
91007
26099
39011
53062
25072
47891
1235
50402
69478
7447
56298
22400
14436
1659
97334
7009
79815
29972
81158
71330
69935
93238
83556
10197
35849
44497
5527
7837
52794
92774
65903
28703
60657
78563
32995
14474
36638
79130
95374
27822
97965
96685
41251
69914
77196
35331
4822
22979
64801
58923
61277
11850
20222
56109
87204
63606
79723
67113
58107
95027
99549
9963
23975
1779
5156
97087
75554
81611
28395
9252
42096
57920
37905
659
52740
49723
72369
4324
68503
42025
93388
78778
22473
52885
21103
64785
4813
70892
80989
37990
81215
89711
43550
21146
99336
75694
43778
7100
86556
22449
9360
69637
19344
82625
670
1101
67898
38551
28269
55546
65228
29366
33506
48743
49787
50107
69532
76839
53259
8872
8217
98943
59578
35936
53895
41187
64358
24868
2467
3484
12802
84920
91143
55861
51316
96584
27179
16319
45599
76231
30897
44013
96860
82376
82775
64506
86152
29088
57003
49190
52621
78332
26066
21520
55273
65032
54514
40436
34211
30353
20260
30187
98192
83963
3084
32318
66051
89853
42090
4605
85874
22685
40216
35259
52356
37870
38858
84974
40379
35578
80402
34110
34216
49080
98367
6291
48462
82872
58230
69647
53403
31528
11120
65479
65684
10157
53470
33077
17145
26130
67187
22477
41508
64520
1014
8383
15195
58299
96235
31882
46520
10010
91955
3564
5005
59981
69419
42259
71348
28297
12599
244
27529
51788
70511
43673
93614
12483
40071
71815
63484
10961
46212
19972
93346
62835
38329
6845
49684
94012
24611
45159
88379
60355
69212
22953
32372
77755
43768
72706
19690
84550
89553
88363
56659
69179
55710
71366
86406
67446
32127
56757
53474
18740
71970
84045
43256
31987
49684
46458
82027
74827
11077
74718
89767
77660
90181
8879
50905
58437
33890
27324
93406
3672
68142
37843
25542
40084
49479
56794
2920
83556
85100
93411
33464
80693
83970
56926
51568
98630
59758
4917
51961
69270
82626
43236
60647
59379
38720
58746
84044
3234
71757
45373
18853
71688
45383
80819
56738
17638
46696
66033
95840
18049
47072
89610
21546
69217
30950
71912
96892
60965
26185
76046
70953
61356
19609
66900
26486
38094
66760
21530
74665
12936
23134
48330
36830
73722
4300
67633
13742
13343
91124
67656
17407
67662
55750
45686
33529
86195
46066
73847
32204
29428
85777
15098
82044
37096
91973
23602
84021
89844
79597
93668
5959
15754
7563
65399
34760
78244
6073
14571
52169
3836
42633
49145
10635
95668
40638
54257
70916
53672
71550
32194
8943
58790
56770
50293
33778
55512
93555
26720
45138
7914
50066
86587
3232
15509
58354
67697
92500
43578
86596
30695
94167
78258
98940
40836
31602
87267
42322
40861
97611
42046
9207
1711
97734
10161
46931
41048
725
47019
6521
81505
1800
2167
78722
68242
47373
44826
77327
44237
41957
93267
78676
33930
78956
61092
8459
25183
92427
22136
13315
69044
76843
27715
89998
11403
31208
11374
56637
65241
68
32088
83149
96650
54503
54593
68008
24542
87831
67477
70794
97114
45731
59513
98078
44615
72831
87720
27151
8029
91692
25135
20341
22859
30785
47847
42399
88435
63761
61985
64102
92114
68942
36058
57884
39846
27645
1708
30152
21805
77520
48285
68896
16910
71512
81593
54137
1195
68027
46915
39503
56005
21441
74539
14528
72107
50861
64209
25990
33404
98698
23771
96397
6073
71932
78681
38505
91779
5048
41020
19949
76265
37111
59253
51523
55551
96382
11494
21531
61776
25103
79642
12066
90829
21968
14794
18815
31783
10056
72382
24093
43170
31726
80122
46385
31616
16665
98873
69314
3041
61832
17713
21103
86349
96904
24932
51436
40115
73321
5573
17583
65812
93509
88055
8660
31820
86497
86788
37822
18290
39567
9893
17654
95137
98706
79879
70466
80569
38366
67883
36506
99154
86477
31701
14055
58204
63054
37359
47691
90918
77869
74175
98689
4467
15498
24503
61689
80613
4168
22426
87534
2519
85272
42103
51761
94084
44875
75815
94540
40207
32562
3383
54694
91140
61665
3897
25132
40281
82038
40449
8970
63381
12380
35140
39091
98492
80295
12792
22862
37250
41414
22714
52416
19211
36541
23350
21747
89036
86698
89476
1260
69419
91699
83961
24895
75253
31768
96711
46408
24293
33720
18446
61367
14316
49184
18115
52993
46188
14241
33150
26348
98218
5412
18969
31257
7364
87550
80110
29687
39837
52386
9378
37502
36648
39095
11003
2281
15999
51187
12871
47867
99345
33377
69617
37643
85071
40477
69763
48056
62971
26421
87589
56974
83374
33361
47867
75937
93403
21669
7655
84094
73631
40979
77123
5868
69456
21902
47063
41041
31142
69768
65671
21932
71263
51313
20943
74526
60922
85068
59532
9221
95297
46572
89770
50411
57473
50939
57959
6575
59467
17278
96549
11624
79200
9354
60809
1256
33361
10300
53015
87928
55220
38611
7216
39805
93009
35704
36405
96032
60572
82270
43233
65520
79607
17409
15085
5303
89434
25324
77832
132
70211
21771
96822
51869
37678
7542
14484
90518
65753
66507
414
2500
2559
27902
59663
90109
87379
38603
93085
12089
51535
81843
87535
76864
8684
53196
23279
3530
76764
29131
48326
11418
16046
96325
33497
51134
1075
10499
73546
99891
84309
81251
21049
91414
30636
99879
51978
50009
7109
75009
37295
18196
20568
19990
50739
47631
58598
60
36338
41002
49821
18339
74321
50406
18779
21724
81388
64677
68878
34570
55514
61480
3277
21472
83575
35507
32469
34928
11588
7251
58847
15273
23219
4016
21797
58035
34906
54866
76871
53643
17931
97714
67586
94717
26049
30948
5488
1989
40934
96835
59091
60025
61504
50474
66439
98480
53787
6649
87371
99263
21269
11280
3350
85561
696
70685
82189
76436
85657
95125
78121
56012
14805
4577
28302
54106
28260
78074
77344
5590
63792
27801
39418
34884
79735
50389
74102
49652
61996
26753
25971
47893
58988
93208
48368
70023
33675
67754
44210
78808
99123
94706
95650
12965
54219
87113
12205
13147
4314
26354
13200
77705
53693
74060
27486
98448
96766
27834
66662
66323
92127
87533
71472
57391
89095
78738
8358
30347
30244
60236
86579
22184
87834
60360
48378
35372
81551
18493
43983
1475
71616
60907
43562
89200
98255
52168
53099
31852
5089
50251
67044
79346
38483
43870
27581
47270
93742
51840
63861
50025
67030
44379
65044
69976
59560
90266
47554
852
159
86249
73022
67707
62956
46502
20523
72873
91351
19761
60751
84219
67178
4151
34567
3088
77455
85765
44888
68285
32003
2820
51742
29541
68142
95169
54934
84101
38264
68367
5967
78632
97770
35588
89710
33982
8833
99882
43137
28009
91630
55622
29055
91388
52154
66772
87760
33176
34292
93671
85330
71595
17774
93780
34989
33821
35308
61128
92509
33847
62507
2780
65391
42216
71539
29690
58907
40666
94429
40338
63356
35060
93334
95658
12494
925
15747
2453
20624
30027
25487
22969
67512
53139
66600
71012
45291
1630
71598
87000
73715
79219
4979
86144
45873
15329
42146
50943
64305
91550
80430
90643
73990
83313
27066
30652
63395
19298
56892
99154
32669
3079
40555
14547
46068
50643
2438
632
65021
26047
66675
82251
39976
24255
4252
94792
33093
40789
6131
95277
84438
12734
50573
16161
24296
49368
56294
22204
2171
78398
92627
23031
73942
86326
52798
3034
743
39831
46036
86852
16476
35197
13220
7941
89234
31572
46156
19872
58857
58873
87001
82521
23573
3449
96843
20992
45315
27078
16118
29671
10351
59793
46866
73744
64070
64962
84374
63834
30150
70456
24626
67425
93166
62899
42900
65922
51450
17898
56623
36509
59509
56382
13767
81630
67179
25403
46720
87713
27598
26666
1806
63048
10223
50728
16901
27862
41780
47447
29786
21807
12581
28530
27779
15856
1725
26628
99079
80773
33187
94422
71856
53522
26754
62117
51479
36021
22851
84171
6984
32999
82780
52416
33647
72973
8583
34491
28323
46952
46291
85184
13293
95680
10055
785
55778
28028
20650
38964
68190
74887
62779
81042
69765
14176
62898
70930
84794
27685
14384
69580
45796
21636
94959
74396
94774
2422
42585
81127
28610
67636
80058
66107
48587
25270
82497
12265
56013
90366
85807
43443
30463
55398
66477
95303
8573
43475
72355
62383
32136
14624
18628
51954
67951
10610
32615
78232
96215
9455
48560
76881
59942
44193
83379
37359
93725
88070
84958
44838
42818
96415
57027
69696
10268
84513
94384
24311
39275
12063
86685
18778
75182
71804
42603
64213
70234
37701
15794
37600
41722
82613
4605
60069
56833
9438
92903
37897
3693
52775
98846
15013
90007
78034
55266
61731
84217
71639
10979
7846
85891
39386
58304
59745
61194
69627
19045
34190
85165
65503
64261
51234
23471
59362
41232
86797
34557
15363
15470
37488
85551
76224
1863
29164
35301
61117
30801
69466
64009
92181
22406
5098
71136
55584
14424
27512
97428
68020
20553
69594
15590
34881
21213
52923
38193
69436
64510
67890
58604
60649
41063
43920
19815
80572
35833
1810
89107
20113
4510
26757
22214
22687
13648
4816
17376
20589
87019
58433
44336
82631
89031
20382
56941
66106
37149
85261
7809
47691
26884
78313
21966
51603
84493
30014
715
99220
67409
42293
7228
69026
40776
60141
74473
23782
98362
98718
37473
97715
469
16482
48416
14676
43198
63039
352
57179
93809
22604
7587
80521
76513
24498
25358
32844
18945
46266
49041
49298
88718
70375
42357
51132
50669
36072
40459
6147
83856
58755
6488
6830
97521
82816
59250
57362
5252
15582
84957
47933
67611
87047
51436
37463
77553
23245
89649
39483
85758
4486
25763
40422
82033
40246
17366
33118
58589
10484
86834
4120
26170
72962
22024
81884
43604
78510
68549
56547
39710
4723
76066
47300
82238
58213
81715
38548
3892
23208
61547
70273
52436
80017
63088
5452
42032
52014
18037
21164
3067
45256
30331
72778
24802
92370
31573
19458
32984
4469
34483
67223
15598
9144
83173
36042
43384
32873
50700
82536
64921
92193
55718
31743
44769
82019
23710
16261
96383
91877
15991
5916
95789
91712
37968
35280
54897
48787
31257
32242
9906
97820
13047
10837
8313
53553
78914
62068
99483
46862
73479
35597
43240
75037
35359
93807
60275
80419
30124
49650
90080
12142
69116
34736
12543
7422
59935
44175
27722
12985
90467
35975
68537
82250
30197
56479
88925
78562
11335
1379
70999
78549
25477
98466
84694
15507
88189
70447
20871
27498
43614
65677
18356
28974
65067
36990
59009
14734
45949
87673
48810
13719
70160
14874
42273
8697
37969
17461
41029
48432
45294
95118
11956
38707
59444
22908
88173
8528
94534
90541
14035
18462
33469
51477
82329
88624
18073
55928
99211
50365
96924
8776
33951
33777
84847
19272
27927
57858
71732
4727
84552
95791
97115
88420
96165
1965
70103
97863
26569
49170
91984
1455
11126
59097
34896
26283
6972
14566
6982
19329
47108
9006
79864
40064
14305
24866
63996
33645
9332
73259
33743
33768
97749
65330
19283
23126
32213
12985
86314
42200
13553
91652
51735
13774
89865
68721
71501
33771
2344
38563
40691
85435
13084
56246
53520
13145
64939
65654
7687
65143
43210
56660
73901
31488
80633
97145
2525
68237
84652
1250
70340
82577
76615
61558
35175
82430
85661
98619
85680
8238
9435
30978
53777
50510
34259
60535
87240
98620
11574
1145
75466
82355
94512
32148
59575
25237
87878
9513
79926
37361
40917
56703
55756
92893
11281
66145
85398
19455
68816
87202
97417
70950
56823
70264
18600
3357
15368
49957
30012
27833
78851
2723
58710
10774
96187
68478
51069
83692
95722
73633
4559
66591
99998
8217
73476
9419
23129
43616
11930
99008
7077
68213
58981
38800
30235
37045
80954
98265
21439
22821
31945
88669
89425
48971
35749
317
91803
60912
40236
4590
10250
88649
12158
96524
78710
70576
83863
76077
18326
36206
61946
90471
91646
44647
30241
29043
72901
734
54380
19842
57942
11469
32742
49726
51097
96808
53345
92453
46521
96116
19749
57478
86885
41068
54515
26931
798
60275
47913
89686
88960
49846
36863
11715
12740
76612
74632
51593
99131
42113
11106
91629
88663
59999
53541
91243
79581
52820
94248
67690
51659
75498
60140
80523
93993
96707
69820
33650
44816
94528
35783
13752
2215
76737
86880
37643
94127
42510
66474
62836
96313
50914
85261
30686
9617
14118
99838
99392
35660
10756
72778
71121
22349
41884
84895
89126
9569
85995
17699
28498
32914
60635
47835
50956
96967
29926
99357
11395
59278
629
77495
46580
73208
86300
29271
31168
64645
97209
85828
67209
32384
68343
22031
98809
37306
40009
68710
44997
3504
68940
98330
92226
46773
61161
11936
57353
9614
88078
21134
81272
7499
98876
15232
67473
43142
42460
91494
15303
16710
94852
72603
96516
83949
94184
4923
98779
867
53888
6450
72709
25031
74418
9946
49540
51728
70058
93363
80790
23809
14619
61060
67067
96974
84588
34692
44701
13834
21
67545
12450
21910
76539
62939
30467
18427
1134
34914
9123
1746
8852
89719
24140
68476
39188
58602
84072
98273
31425
28743
44918
56431
61845
23076
22275
94541
33749
68771
73057
30793
4748
7414
15842
75337
12728
75101
86456
58460
18754
41656
84485
41646
38791
86912
4775
44484
86751
73058
2413
1983
901
54668
51737
24931
49208
9594
92357
67433
92376
48699
76830
14766
85528
76262
16602
4216
99604
92282
81761
72321
7556
21679
56763
2555
90959
33199
45773
86882
99718
87740
92579
7855
57
58603
4759
87946
63854
7440
68176
76363
24916
52701
81742
65835
3558
32173
81559
22637
53666
80026
53934
48328
29587
47891
69945
58791
78222
18750
53845
86801
97948
71036
32306
58294
85991
53985
23062
17289
17011
89348
75446
82997
60783
64440
65044
76269
42195
6484
48296
61189
69304
62789
63756
27040
92862
9977
1920
40802
26908
92115
99935
4670
47940
47843
18457
22132
92868
50876
32736
19992
79196
72669
49395
45006
2121
30832
96414
7406
75909
1585
78097
62920
8478
46021
34366
62879
87374
32950
72842
12000
79058
13523
61194
64939
49374
14381
35035
84917
40949
20548
2616
55920
83771
34309
42720
71259
72000
4123
68016
20665
26438
39282
83043
39624
43145
46420
71722
52244
66255
75495
5843
14485
67437
35065
35788
90998
31250
89881
89032
75441
25891
14021
90330
96157
18619
95695
35577
95073
54929
65828
42654
46294
24686
34337
48366
92388
99931
5236
3634
41919
35608
78804
88832
53232
32595
4302
25039
8824
66870
73048
36094
57863
3606
63745
22916
65561
10902
19018
30026
92646
1264
63110
4187
92288
45448
16036
36703
84097
97927
79918
86363
41712
3016
32116
79912
39549
7963
35865
36324
13717
55362
85017
83863
15033
37593
49682
21569
4456
48028
80879
75007
31037
85616
33664
88600
9737
41569
17969
28594
16505
25690
4147
54184
41838
6681
40436
37144
84815
67085
32171
96742
88689
8396
77411
20502
56727
37160
41600
13235
21771
11701
2716
78224
47438
59803
50548
86634
76346
90119
56527
14866
80772
53997
12507
53419
59925
97134
75074
86999
83037
81264
67316
74693
69965
60189
52625
13631
60951
74684
93728
84910
88870
72135
69504
38660
72286
86828
2043
45718
47091
82799
49750
85274
19465
22507
327
62598
48570
24010
92576
91933
4826
25942
94312
34082
47444
98347
62908
49992
81387
43017
55783
85284
54933
91583
73921
24554
18750
66092
49355
78603
87402
62396
85192
52475
93270
7806
46937
96822
93531
13611
17291
22730
64537
9767
87433
53794
24783
44942
21170
37862
75926
50222
72598
43586
90959
67822
31427
32395
61656
48443
28189
40929
51760
76246
12802
74502
10542
66285
85232
38191
71237
87236
16005
8974
10592
8209
57863
38483
64972
50470
6377
46364
52483
38360
5389
21689
12063
1148
89340
75551
26418
34486
72522
14397
62539
79229
45285
43489
15851
24949
29785
40031
31290
21311
43195
19053
80142
91531
9914
84937
20033
12092
5747
72987
15539
64188
49339
39518
70243
62832
12278
52697
67460
93669
25368
32712
30156
69732
59753
49916
4301
14775
26573
78265
94890
77612
83191
74245
25685
70907
44094
90171
87840
16950
44697
49573
65213
56501
53726
13420
74021
54540
59768
13871
95436
93171
3679
92715
73455
85164
34229
36955
13034
57777
79976
40186
2338
43290
97094
97706
78660
13253
72505
3989
9104
52674
14232
49631
35385
34003
71602
71666
90804
42762
17683
30829
37476
29655
99823
36087
10822
85042
64393
73776
6524
67249
48281
7514
1010
93374
73819
71711
74587
22950
72187
33923
77067
23422
75041
53220
5237
66567
66810
51315
88556
76764
86218
10093
57936
12255
5150
56696
95495
3077
79777
55798
27194
53703
30419
86074
46022
2353
92658
87873
64157
45749
74674
42916
83331
7562
98767
89600
26970
21410
25219
47508
29566
16489
77961
76383
77648
41659
25996
95101
64789
19226
99507
63454
97614
35260
99544
46980
7569
51628
37162
32536
11630
94529
53086
69929
38703
84850
91384
4366
11340
98600
23123
18643
23756
13603
41662
8069
33475
99842
75506
19978
90486
6950
30991
42552
65552
32710
72226
90551
5505
64289
21102
48613
29931
54319
80440
35363
45252
35916
3534
96665
3321
12537
17772
76142
81192
37268
2124
57591
57623
9375
77421
7773
12500
82373
1603
11901
97234
50363
81826
74429
38744
45045
61666
71399
49427
2116
37325
21498
54741
8498
21098
45523
50810
29963
71187
53310
61815
4403
28831
15863
56806
47340
12117
43957
26510
62876
2650
44134
89245
11172
9127
2946
60164
16378
27317
81203
358
68901
87744
40283
72158
4254
68759
71184
21601
34390
6781
56863
23805
68882
29108
1864
2023
50351
35063
95612
76362
97310
13686
76215
98466
43482
56929
61066
80121
22893
7761
87712
94319
48444
78052
98442
30177
45282
93584
94860
67229
51317
70856
43897
57520
59057
85035
99786
26201
59006
66961
34475
15671
78348
18332
46277
70353
56985
73062
24230
78062
29742
48539
12030
41691
20642
30240
9003
37071
32399
74360
34413
92426
84950
88168
66085
90991
19536
80908
32540
99029
17138
93398
33816
24521
59069
26776
7440
22208
91956
11373
18985
96759
47098
91334
50049
53776
10549
43600
95522
62127
8338
49670
95565
74937
74468
25838
58523
54337
68076
3622
19891
70851
17550
15330
48169
43080
76172
97799
26578
55950
49483
25631
98375
17074
10472
36514
38556
65828
5618
17773
96278
76351
2873
98299
84979
69082
48912
6292
53396
84783
827
33453
99853
50496
77870
43251
11332
8850
58803
58327
5414
95996
98764
35165
10534
46939
82301
52985
56550
35230
21136
77496
87803
1611
59150
22111
25969
14237
8430
58744
9923
72412
75645
82503
30684
59392
50199
97187
65776
64468
8892
96972
76421
3163
36833
69342
45184
54091
21469
53248
3116
50175
88323
547
76460
76686
33487
33093
48933
54313
30782
79826
52200
33182
88311
63906
46258
3874
54535
5349
76350
27012
12579
16688
97657
98969
54148
60044
53681
67650
19909
84026
73621
57145
21359
87698
17340
31532
64131
73840
88511
76570
57904
39493
92049
60396
86879
45006
17820
74049
88654
17961
19012
39021
40587
5409
26112
9771
1399
77508
96857
56690
62097
31742
43403
51290
77791
97548
54786
69297
28302
16805
90740
1587
28988
59184
63876
32038
10324
2278
37029
94977
41942
34819
64188
27867
25261
9362
57471
6245
8716
35511
4735
82126
78346
82709
63368
80542
86982
59616
15821
55011
37994
59500
53170
20088
21452
94678
33498
85891
15678
12211
56713
96828
7054
2681
95390
98335
57133
35420
84138
32636
68969
50002
9192
4253
28425
60350
82579
86494
48186
33506
12569
21058
40391
30973
14956
53703
6557
39888
78657
89384
98286
49997
16732
37485
28999
39916
77183
34197
32926
44604
97599
57111
37332
87725
3296
86000
88645
82578
88134
63889
22591
93210
84738
54961
37994
50356
87504
1623
9008
27464
42345
33411
56065
45102
92166
72564
93270
97445
54412
42433
46164
29408
63777
72867
53196
62547
89754
8598
92692
10567
45360
49609
87288
52079
71070
80571
11975
59091
11524
44234
62898
79039
19503
56185
65764
48363
17420
64581
11612
30609
93910
90191
86625
57847
35660
40175
66023
53333
25988
9242
97699
38050
18731
86319
83565
9676
6524
28593
26142
98155
22463
47060
15890
86360
85476
98807
29905
56305
31297
50475
12746
53011
47833
46850
88741
16563
10722
77709
89339
49307
56980
70857
86802
1800
84032
31012
14762
13020
65338
80110
82491
29412
22488
38212
9386
51714
34048
25977
41415
76233
44744
16060
31981
59210
88800
63239
46292
40212
66618
40701
86650
13218
37068
92285
89231
59252
41432
37171
62697
74973
51517
44806
92640
16717
52870
52987
93170
46884
70705
24856
4855
91881
74325
76953
39245
21019
90510
75029
93371
7718
48543
55369
2439
36525
29437
85595
61516
65020
33864
89218
84174
31145
33994
16340
77028
85992
28441
70104
93841
58280
29117
38579
73876
81944
11163
94915
11165
58953
55634
60258
61151
67447
59649
97281
25005
55867
60394
57741
21693
87800
83796
7303
35871
55755
11771
77782
99366
20604
1977
58732
14127
21874
417
78476
58451
29035
98580
12734
85911
10187
98580
63933
71513
34847
46457
932
59105
59434
35441
24885
48337
88101
74250
16286
147
97750
11460
44801
74494
79708
47314
80800
5650
89296
24270
75839
1857
42227
25838
87080
40428
82563
41136
64858
23834
12972
16909
71120
28603
58885
57407
78451
92677
36671
8756
63046
71182
7873
41601
79955
37926
33762
15388
23876
16753
13393
18704
57974
92945
50688
20655
91347
40799
89503
90830
58642
327
84327
16198
90134
161
13220
73345
37710
1195
9735
11765
87655
96794
59859
84439
35587
76213
7503
18319
1715
40862
99093
46941
40219
71328
47524
18591
17675
99263
97130
11610
8279
12662
18751
82587
66638
77638
96777
642
53616
58176
74546
42557
78868
60793
73267
33565
83653
37801
99188
85641
73856
24051
98897
20848
72107
83425
38049
4710
75741
92330
7806
89488
90324
37108
83154
11163
92979
85448
71886
47360
65314
38286
70612
94003
67067
22406
37627
56847
94619
82408
38033
72484
7394
25736
18450
73062
25427
72102
43203
93050
40347
62015
97012
9383
61967
88675
76835
12071
19790
50352
45123
7358
58120
10547
46456
98377
89964
10184
76716
24277
3075
25034
48281
20099
71895
59320
91917
64575
5024
16861
39941
40240
79727
97013
96444
3722
2669
56959
55804
20685
47961
30028
30482
70736
16727
72739
27032
92232
12207
40742
22198
49426
92021
21097
55
50798
92617
22663
308
88687
26562
60975
48244
93010
73763
36788
98140
54386
77775
85404
27948
91027
39763
39746
35538
25225
55239
92809
19033
51734
77893
78925
56120
48581
98881
71210
36403
18605
71466
65324
71949
77782
84779
11257
39065
95413
83526
95361
96719
82007
84771
31964
10246
70403
12353
3916
36925
71984
90174
71910
26897
6141
69921
78257
8650
27357
52490
52195
39444
32475
38291
35107
83860
37625
8893
58027
26979
51767
79724
19474
35010
56825
78261
24056
95860
57922
24115
12447
93769
12934
29315
56894
92441
44310
71231
31420
24768
42704
20709
58730
12711
35343
48622
31827
58347
2509
72750
43799
47535
44291
90543
82972
6047
72390
30107
65825
3798
17414
69604
83648
42886
73140
85355
22598
86820
68988
77194
86984
16865
5718
21003
47969
71997
61784
42848
51104
4974
22326
40090
12589
33544
244
4968
38314
5746
9861
10311
87451
40244
74446
53871
67423
10924
45521
89628
51767
59057
40648
6667
82519
4076
21115
21840
74671
54562
15798
70532
97313
56671
93547
81984
96590
67551
50582
35480
87478
33767
92149
47427
7586
23272
80997
72835
45715
13454
17991
91544
93178
18122
9360
18958
28984
38248
42376
77862
59259
37398
99927
65318
15286
67407
68006
39190
77987
73735
75941
77911
73523
19107
64420
24297
45958
53719
42913
73090
21890
25235
41579
39944
47067
1672
70880
11026
40122
67424
67288
4963
95221
21182
20814
80479
6862
28841
41813
71000
29290
25115
62960
26492
45132
79881
56191
86873
73437
38821
17947
67527
91674
72896
55913
88737
56594
5481
1440
83514
62714
17025
45598
80653
28147
85891
12557
53292
3106
29956
54100
3887
93147
51140
39276
49268
66619
61357
68060
91786
69524
55861
28578
46735
70703
75809
72827
30391
64202
99847
74586
84286
9030
34719
49697
59561
79228
25268
43941
58541
3024
34732
73811
46661
18453
18557
22987
2275
91900
23643
25785
87792
93118
30446
46964
48333
51408
83493
84520
50416
93842
8282
6069
80434
21566
6161
35026
35682
34553
68352
1289
1174
36960
50808
53798
3472
27848
58258
37537
54397
15352
20467
39571
77563
47671
84278
19465
55040
58542
22071
14321
19179
30738
84924
48965
94646
6358
54799
90401
56398
35202
72916
19221
39884
58868
16856
82377
13133
47475
8068
38313
86368
8528
6965
76057
13714
48647
55743
7331
16639
30813
5665
65190
25203
4290
26107
17084
35206
92890
105
73987
6929
61241
13891
88032
90105
34857
33574
80327
89018
84826
41089
44124
2886
1888
8793
15637
16593
17511
89665
80084
74216
28568
68239
58269
62810
53554
92846
16257
20761
23345
34918
52424
36567
45495
74864
77126
73612
13533
82129
92928
90328
47699
14394
45655
36020
59871
99693
19064
37663
25067
94626
5006
61951
1243
35137
56584
77734
64615
77935
20096
46513
42609
1995
23626
51042
68632
27420
73853
66164
94436
85759
4655
53461
5560
70227
75954
1263
85302
8315
21859
23912
6214
55728
63847
13168
65782
89141
90947
27293
7458
1711
12821
81931
84016
36244
72767
26801
12640
82384
65705
73353
89974
35992
59017
70554
83728
37679
36434
89204
97750
58683
65641
70495
46046
72892
64854
57180
59125
61760
20752
46423
88860
96302
51997
37479
16180
69050
82038
61994
46274
94154
92154
41815
29719
1569
44516
26307
9012
42827
34385
56322
49133
49335
63192
59792
49772
25039
65103
80752
14793
47557
55564
61088
37459
6215
72231
51482
36752
23993
90608
87589
32069
43241
515
55343
68694
56715
6499
41682
22760
9539
29447
48577
30098
20300
84124
13922
62068
40113
4292
65498
36470
91751
58787
59468
84541
60581
41346
55903
42789
92020
20170
87522
90721
72944
47316
65463
54229
51946
38972
38681
18875
91406
22917
25065
403
1485
89692
19160
57720
61980
23869
62680
5861
64142
13984
68163
53708
44754
19134
69643
69449
10357
87760
51711
12592
3616
37638
33211
91917
7665
63279
45701
66783
20884
60983
3167
41239
30752
74969
68113
41746
4254
41395
90276
137
43620
89130
61098
51136
7490
55626
97018
49928
20033
796
83021
97334
60340
73305
22063
81378
43326
67966
2472
50906
51113
72459
90548
99009
71450
37893
8046
92371
50243
21092
81971
45039
92849
36354
93361
22845
63974
75829
21837
95504
29158
63401
60374
368
21022
77663
50674
29182
97239
90935
87003
36390
86813
95872
40605
21821
16897
8573
31675
5711
24799
93991
36433
56618
62288
53779
48608
9030
60902
69907
67629
9167
69557
94177
79419
38176
24066
49678
13295
73107
99161
17731
27062
15766
99125
45116
60563
1130
68687
11005
50878
32301
48338
60737
71370
9151
39709
73206
23355
56523
86891
68993
51938
98781
58870
30772
79623
46741
14947
52515
2228
88531
95741
59001
43335
29605
85598
54965
26763
7161
63517
4960
5536
14421
26493
51005
69773
91483
95588
50006
47728
97567
87609
86236
24823
56559
7965
45340
87152
51498
69779
37285
18309
70923
56904
33001
18857
41537
42875
25957
99071
97577
70015
59678
7549
73726
75357
74677
69125
2714
41877
15135
82862
26041
33716
36474
38477
49132
59880
24366
51556
94618
30747
5201
54915
11360
77795
21944
19939
26927
92047
2785
68604
69109
73597
80602
89841
60473
53481
74283
61884
92016
40618
10439
35745
70456
24719
14300
18201
25363
21936
3541
51750
5528
13333
48378
31685
31111
97167
8287
64287
62695
43291
45241
27616
46176
15228
71726
49276
41509
44341
25516
21595
14824
87136
58763
81871
67279
3771
9397
82067
86829
71523
70446
79344
11481
27922
54684
16092
48399
14725
48979
37176
63166
44617
61735
2698
33859
64295
44440
86230
82523
59569
90180
60663
97425
43427
80587
28472
52361
63867
4517
98264
64344
87330
95582
43637
63053
87888
65140
9777
38642
73509
57615
66221
3926
18154
66223
30909
95668
99500
55061
29208
18784
57158
32245
7850
65250
45123
19570
16192
67870
72116
29003
40589
22951
20580
9054
2075
22733
2153
68144
46533
81120
470
53598
71961
87298
94336
27424
89478
53120
91257
76196
8087
85272
42611
2518
11093
64898
2915
29098
76326
79257
71787
25933
45397
64995
38155
82500
86933
92606
77939
54799
52284
91650
62073
21323
37251
27674
17895
70663
66047
16721
13605
15044
23567
55981
98949
13401
29733
81558
4079
44703
44727
13199
19582
97547
7725
26150
8788
73237
73160
29027
51743
79285
30044
65291
33367
48901
29736
53793
64986
43271
43612
64931
29312
34037
5535
20225
35130
91858
43539
59769
56699
51527
60496
24174
44829
32162
91263
56540
37787
38974
67519
12354
33662
48447
22392
84040
30214
28581
4114
26036
12176
59566
72046
31557
16481
31809
4722
46828
70182
16133
84370
34158
71422
42038
30141
96032
6949
45651
87927
49413
54102
32790
54045
20452
18367
45225
99261
43869
39951
1540
39794
49201
56618
47032
24977
95328
9274
7478
48600
36499
92593
14107
96826
14952
16880
44745
35723
66141
82131
94968
1782
85243
48323
48346
99307
4875
84427
17200
81970
80139
17625
47013
29094
63934
43891
25908
2203
40892
52716
40944
67310
16802
49925
10708
59461
25773
89429
6982
57023
28631
98292
55407
82236
66646
71810
52728
17165
34340
56159
29082
48949
43546
67615
12086
88937
71429
88906
1187
40464
14452
16220
57525
6899
85126
31613
78310
17810
87575
81607
80737
24875
25335
94299
41954
14531
6849
57219
93684
83519
44544
86050
73085
51591
24998
66806
35367
42846
97481
3308
87395
93664
39651
31599
11287
12297
84650
21617
95982
94498
41887
32799
40696
85846
32973
32081
9309
3305
85883
86129
76257
38463
59764
48521
77764
61890
16504
23308
89886
8887
38742
49675
18164
11840
90092
6648
86101
4148
23587
78377
81284
43636
68807
26113
63479
83578
96662
87269
29898
12712
19263
7630
37071
67195
82188
83879
26346
72902
63121
36922
73940
89282
87486
64932
16511
26190
67444
81625
23001
23117
8841
96852
31959
15677
30400
54587
49924
31764
22767
81181
9521
88900
39617
40336
68194
36196
79347
38321
66177
34741
8147
85744
40346
5929
60095
63372
66213
13788
76720
96389
50180
43812
75136
92821
32005
14458
26083
21294
27841
97250
45692
24738
92406
48768
59413
52332
89180
75227
89282
10632
17352
39582
72801
8003
52974
59180
58019
34042
15783
55902
97313
21656
41922
90162
74498
87951
70400
43100
6204
77559
75309
86742
6404
33082
56928
45571
96675
6818
31795
77214
34439
39426
16779
33910
31566
89597
24454
82190
7460
69894
88075
62704
45287
81102
67393
97485
73088
59688
56668
91346
5822
69424
63919
20270
51226
48500
97703
87401
94429
2956
56152
13165
68427
56876
3001
75824
96617
62105
17747
31243
21283
88679
82042
27417
78002
28007
51381
17939
25223
57133
55048
43150
34223
84444
18402
29498
15121
97054
15512
75596
43065
1995
9863
24551
12492
55484
48122
16881
53293
65027
76525
7220
10670
83024
14834
49129
68952
18295
72665
4443
17295
65280
32187
60497
8910
31065
17695
3348
88136
44857
50378
9985
14908
33747
1520
82844
15402
13971
89960
3007
212
54836
40171
23665
95350
18831
66773
75833
85959
10873
76764
43471
25429
99381
28988
93653
47808
94931
84349
92391
81703
68450
84433
33737
95186
66824
71765
30535
69050
78936
41509
15934
17955
51003
44499
56614
64186
41457
31825
98277
43459
8235
1330
27327
86401
75556
22022
12808
52933
59798
94912
29616
4678
21302
7681
39088
49768
27364
1148
35570
63865
48485
35226
34276
12278
83721
81031
21323
9964
34955
54081
89022
94905
65421
41169
44490
64563
55289
81252
86938
32393
87866
39365
90055
5376
7297
42988
27734
46879
50966
44712
17131
24650
38580
19933
93406
59959
54005
22424
41504
23444
20956
47853
44857
52052
39157
42484
5342
74827
91853
44144
16050
31209
66129
30611
21281
37457
80387
14041
81021
91990
32944
74521
7187
56647
632
88317
80712
66321
42749
50114
52004
19951
51930
18688
77862
92858
58548
68612
68719
13702
87324
86985
99107
54059
27266
17800
32502
82439
83901
75194
38350
49566
8038
28484
85177
9584
8088
76597
94409
4275
21221
94988
12471
22465
98689
58437
99841
5172
58448
98704
93685
93649
41539
14498
21036
28155
50771
41226
20447
3277
39784
52936
98985
45536
42676
82684
70488
5967
63780
88415
59211
5676
63687
94852
90861
13970
17155
56217
40185
41059
22114
35533
15835
14144
28880
27248
35960
95280
20146
48565
36912
74461
40579
89061
13985
16733
65214
45120
57849
86224
5181
2168
32757
81679
69427
9125
87155
90419
35001
37710
78222
97471
94581
35983
22275
64571
36999
36062
888
89993
48759
75821
45684
4106
46408
96471
72467
22487
34186
96184
82565
38565
11183
99219
5900
1876
55560
26801
97249
99285
36745
46012
55335
59939
89265
98469
65061
56396
93602
48462
70275
26507
24074
33039
68357
19935
606
336
54872
82759
14329
93057
11685
30760
61813
3110
19406
92827
35476
58144
79589
2140
82786
6043
36282
69305
41398
97211
25896
94384
5780
42470
89876
1799
35735
98857
87024
13511
96538
94776
54213
31862
34457
31753
67163
16946
70322
30769
58402
86795
71878
20655
34795
45937
40490
851
74369
23023
12457
81321
27401
22672
90947
79681
16748
31636
56373
379
80067
38126
86387
39665
26532
49048
49262
99830
13510
24926
53169
3562
81182
60069
17192
10401
36093
81898
95567
22668
492
32866
49885
54438
99878
92724
79862
20859
66109
62111
47554
2476
66281
3991
74997
53176
73549
86871
12436
62142
85286
28985
4568
36932
10778
23631
78494
43381
42257
11586
38356
78684
26997
9710
6346
23750
13369
56405
60583
56413
83616
2422
41115
6107
7881
44609
48816
42314
74061
94549
89823
7399
23391
36605
93783
2283
69534
63876
75081
26974
77192
17597
44631
84171
40806
55726
48899
97419
30797
97943
37345
35820
92125
51852
38808
33197
16989
30586
89668
52554
90176
38811
47941
56614
73053
62630
73551
20446
84319
231
61172
56648
34662
33710
6732
94595
98510
67784
91260
9514
28342
65127
93303
30462
56891
7113
78114
6061
94414
69425
51626
54189
62824
60268
35102
18506
36715
42845
42753
63464
30138
81792
11242
65115
97911
15724
58566
18808
89010
83030
48551
88732
32710
78199
34248
60529
56594
63877
58909
8148
72924
77712
28218
30822
39440
79641
66305
87638
40498
22660
6932
33638
23157
44736
11747
65266
80817
18275
10789
2389
72863
62880
42533
35362
56752
18413
88058
86453
10456
33722
29384
628
45513
12213
15263
19437
59293
91813
35309
3440
27491
75967
14143
80926
77675
29474
9001
98065
86664
89712
46867
65608
82250
86622
7464
19487
36490
16395
33796
11481
68533
48336
1171
72591
6567
96539
56659
83846
73062
13196
59243
62613
60364
81565
93559
71460
39354
62392
81652
72352
86288
96986
72490
89108
96994
56886
84118
84754
89050
16373
99511
41066
51132
99058
42689
12413
54402
78069
82548
75153
88154
50793
34522
33861
90989
91279
28527
60832
35229
14847
7319
95981
7614
12792
77836
53278
92801
87598
60475
98737
33552
12909
48150
97784
73657
67281
21863
53053
98037
86641
68455
76362
22457
33898
78795
53610
43
81789
56022
53429
46045
46155
26942
95724
62641
49218
78765
21255
82498
8732
83694
31349
45399
31161
18008
14445
63379
33791
40123
32016
57050
63704
6619
94057
44802
62174
95850
43776
50698
23159
55993
95561
74814
68897
72469
11876
54648
8850
14751
66818
89181
80142
36406
13609
74132
74229
73938
61968
4581
73677
48689
16238
69122
69412
63955
2665
85505
30624
97425
94326
76423
14401
65860
39270
42591
96482
21078
76369
29291
70895
20938
47582
27939
19920
72167
86557
10895
82318
3874
25220
25432
99604
88364
50401
78045
44473
44964
63506
593
36477
62769
13938
14042
23133
61677
5008
75356
44269
30468
19997
9730
36713
90396
7836
65583
56136
40720
65037
86126
19262
80378
63444
96057
30576
80313
94724
45280
41735
55828
95869
29718
36623
96728
82210
12202
35870
15710
22621
78773
44011
58670
54878
27449
10542
17326
3970
8826
63779
7778
31196
61208
74813
69232
97680
59636
19055
38022
300
38001
70599
92966
14550
73151
30656
35072
38693
28553
47693
62580
75278
30702
93658
21009
34005
3053
6013
86011
31494
40864
78702
15976
85397
34230
2963
40633
72335
40410
33026
51879
39251
63550
68420
65764
38141
20619
40950
28907
51060
11319
99896
57529
75112
79373
12062
46747
64401
37547
4786
42697
85252
6544
62535
66910
16613
67502
33828
4733
64153
30301
7740
37806
32298
9952
71411
35770
41476
98932
16136
51999
80472
11112
81075
9313
65168
25772
98820
25235
50527
38163
83234
14384
59250
61534
53814
10186
49875
21845
28147
98892
71089
8448
53184
15037
1546
99028
2013
26664
70482
87302
15180
71090
34142
71805
60045
32467
37480
10476
8599
58893
2150
37301
93033
57268
85006
68589
94747
86296
11348
88488
36212
24940
84064
52910
45500
14043
4463
23461
17359
25795
10898
9239
19175
99718
40736
84459
56144
61201
47111
95358
8935
80128
70538
20058
84990
63284
92893
85853
1963
34
50951
84890
95943
46095
31315
56492
82927
22295
465
29464
25325
7536
20585
69974
50516
69300
52779
80976
12129
58249
69371
4253
857
16299
3301
77501
43604
34166
42902
44419
93977
66428
2634
18227
52269
60409
48652
156
55679
98873
32836
86698
25627
93707
51757
72163
55468
41508
19325
74734
57994
36209
62538
64812
85612
99900
63448
88005
96055
27963
83389
29468
37767
13314
8978
77316
65287
45283
62875
46090
93530
85027
95327
46098
40829
80316
13447
78474
68743
64020
91210
55497
84259
64840
78503
91365
93715
52729
74483
71408
89956
83010
90408
26035
64360
44038
46181
26554
38538
16625
41568
71412
30994
77209
20731
29019
85782
30742
18168
71513
87062
31944
8617
7718
95489
22725
70734
26580
67442
3074
44920
27962
11796
42648
10383
69660
30040
80586
37663
6948
5602
2558
80933
70635
47427
78552
94687
19715
77892
33330
6498
45685
27271
22652
22524
86781
23090
96314
54051
57179
621
13458
70278
34158
45228
30031
74322
93911
58944
40514
96121
86492
38380
60934
16810
79324
28064
1136
65303
78383
91852
11003
88226
55370
82799
94703
62552
98186
99563
91626
20072
96784
42811
79547
35048
59737
45177
86606
33018
55667
35264
70821
28423
90085
68220
62517
95227
25126
85431
27636
47370
50203
57826
84857
81242
1834
66904
19023
15023
9507
37114
17110
2038
54236
54281
3511
16000
71681
31198
86586
32001
57067
40875
58291
10865
37047
77347
11886
91336
40954
45537
47733
61701
41844
11445
21138
1381
26327
8659
90878
93073
13049
72334
89635
5309
95903
50823
72539
6178
83555
35360
5642
18420
22984
58962
81631
54382
99051
96387
16535
77689
39390
12566
99329
46041
70895
79426
59170
13052
48518
73812
68367
20465
38952
39758
3865
3495
20694
41336
7919
4312
69228
84056
24119
1743
39765
29223
43348
8678
15434
93715
45332
28330
50411
7167
73392
38558
57072
65760
88451
60187
90819
10512
63072
91095
19640
42618
61294
45235
74778
20286
67696
16631
85877
75469
54771
58565
12119
71890
67449
36599
60246
11509
69722
80714
98596
67314
1126
62464
3136
42321
84255
49099
15752
7517
13064
35019
71045
33032
84430
75095
49421
90744
3568
1417
8160
40274
42074
21738
36741
74601
6618
19200
98129
13634
22895
22582
53851
80107
203
52451
49164
91527
98268
66206
56786
87230
15440
18326
5128
3830
65225
70008
92346
26435
92275
28385
89044
75955
76331
96429
23695
48142
12314
61713
78466
86860
54330
89660
25915
79764
5394
85111
61389
18854
17064
67561
25006
40176
74548
55346
76314
62244
597
54708
81920
5651
85878
49714
53712
84630
60
60804
71930
64145
97831
76533
17718
39853
17091
386
33297
24368
78204
68893
18288
50967
82529
53788
40671
69774
33414
31052
42601
58090
66607
75510
25981
241
39341
37824
12055
62743
24010
79679
55720
22456
26863
91983
79156
7178
21233
54129
10291
69777
39306
55502
78851
48487
96327
50150
11680
50177
66231
98918
46246
12131
56948
16430
79344
96356
30225
38359
23197
52751
15634
937
320
36959
73738
20562
91126
56344
15766
85962
21872
47271
28295
4929
26046
54279
15827
32973
24099
33201
74969
43597
47768
12802
8636
226
34409
34173
83597
90120
13329
47178
89364
55419
63645
73132
37829
27884
83508
43941
71973
16762
83861
88085
57199
7057
41425
31599
56082
7987
11280
82648
9615
65348
36018
47321
46157
82432
88917
67891
43625
63359
29818
50779
47071
84441
57220
49559
55982
23715
28476
80764
9407
77347
52840
60208
14605
36261
31160
67406
34246
45970
87000
53933
43829
71739
36058
68102
55152
47165
16991
47481
39284
38710
61830
91073
33533
23357
99974
60539
20873
76314
79998
56151
24049
5344
14814
24000
4812
43971
12753
24830
40567
29851
7319
3640
33959
25986
97304
17239
74860
24654
22642
43289
59023
36485
13278
33526
6693
33776
75714
27307
26557
73272
59993
95527
94097
34047
17984
11835
85817
99944
97229
5965
90417
27704
76325
13595
37595
2928
12574
43006
34594
45712
15675
26098
71552
21583
29405
71456
88956
78546
11776
52788
7708
38453
63710
55342
26755
49270
71068
43174
51708
23996
72357
14521
85490
76964
86070
60420
9737
8655
67598
52276
56178
60196
23243
38192
75413
11674
12696
87999
56184
41517
66851
47476
42929
91588
77219
26341
86654
91322
90019
38387
29409
41686
78604
24176
81391
3052
73769
71452
81352
53675
87087
62765
87968
60541
55661
77208
66253
15891
90128
99981
79870
56131
11682
41102
65467
91245
85104
53200
97238
42049
43398
13555
60385
68815
62201
19927
42858
17812
95249
61015
90778
74956
63874
44273
55984
91001
6818
35840
74537
77912
41948
89050
67918
71158
24599
96275
84480
27326
55308
66120
46938
37587
57942
28319
90073
84344
59628
97754
47225
23021
77669
56712
8466
32587
2440
19756
27180
43394
90213
4691
89803
80538
72962
83995
13475
92229
24581
20451
43703
53545
60784
16955
18325
53367
39165
13595
76405
1445
53586
56164
57573
43512
85139
64179
73710
55820
92172
8583
68463
62286
24260
42130
13132
29375
79450
61156
82044
96616
45779
59125
66690
55778
54253
40920
64997
32905
82574
48501
32083
16687
50727
95918
22556
92992
55096
68371
68534
44087
42448
18313
30146
52872
75671
56159
36360
90500
88928
6499
28150
77189
26349
1251
62373
65151
47150
19553